v3.0 hex words addressed
0000 00000300
0001 00002840
0002 00001200
0003 00000801
0004 00004000
0100 00000300
0101 00002840
0102 00001200
0103 00000820
0104 00004000
0200 00000300
0201 00002840
0202 00008002
0203 00004000
0300 00000300
0301 00002840
0302 00008004
0303 00004000
0400 00000300
0401 00002840
0402 00008008
0403 00004000
0500 00000300
0501 00002840
0502 00008010
0503 00004000
0600 00000300
0601 00002840
0602 00001200
0603 00000880
0604 00004000
0700 00000300
0701 00002840
0702 00004000
0703 00004000
0800 00000300
0801 00002840
0802 00010000
0803 00004000
